
 Dense Matrix/Dense Matrix Multiplication:
   Classic operator overloading [MFlop/s]:
     1           12.8554
     2           122.583
     3           300.794
     4           385.127
     5           485.123
     6           553.787
     7           571.826
     8           602.901
     9           623.331
     10          639.893
     11          617.365
     12          633.708
     13          643.715
     14          659.984
     16          666.114
     18          680.201
     20          682.781
     23          690.918
     26          692.319
     30          699.695
     34          640.226
     39          641.448
     45          650.672
     52          659.375
     60          652.196
     69          660.683
     79          673.232
     90          678.475
     103         675.587
     118         679.378
     135         687.117
     155         679.463
     176         682.382
     200         686.344
     230         689.417
     264         688.611
     300         686.904
     345         693.224
     396         692.972
     455         692.936
     523         693.704
     600         694.634
     690         695.678
     793         695.582
     912         695.924
     1048        696.462
     1200        696.276
     1380        696.602
     1587        696.995
     1825        692.875
     2100        689.243
     2415        687.652
     2777        687.962
     3193        688.581
     3672        688.089
     4222        689.999
     4855        690.206
     5583        690.067
     6420        688.198
     7000        688.405
   BLAS implementation [MFlop/s]:
     1           5.0923
     2           57.7569
     3           164.294
     4           473.658
     5           666.998
     6           1074.17
     7           1214.14
     8           1492.52
     9           1676.76
     10          2112.63
     11          2433.84
     12          3390.66
     13          3461.08
     14          3922.37
     16          5865.75
     18          5140.38
     20          6470.19
     23          6545.67
     26          8125.83
     30          8812.06
     34          4541.22
     39          6832.2
     45          10127.8
     52          14458.1
     60          20094.7
     69          28827
     79          35320.1
     90          46586
     103         71403.6
     118         68653.7
     135         96547.7
     155         90603.4
     176         119056
     200         178874
     230         178921
     264         207977
     300         216251
     345         196713
     396         216188
     455         226925
     523         248703
     600         257431
     690         256923
     793         253446
     912         271488
     1048        246218
     1200        285615
     1380        269152
     1587        274522
     1825        283265
     2100        286039
     2415        293242
     2777        294885
     3193        292830
     3672        308395
     4222        309355
     4855        314900
     5583        315413
     6420        318611
     7000        327231
   Blaze [MFlop/s]:
     1           59.216
     2           584.232
     3           1622.95
     4           3113.97
     5           3498.99
     6           5070.3
     7           6376.99
     8           7530.21
     9           5693.76
     10          6732.77
     11          7409.12
     12          8492.56
     13          8124.5
     14          9026.1
     16          9917.36
     18          8992.55
     20          10183.1
     23          10277.9
     26          10045.3
     30          11581
     34          10606.2
     39          11446.1
     45          11120.1
     52          11636.5
     60          11653.2
     69          11705.3
     79          11365.1
     90          11614
     103         72001.5
     118         68899.6
     135         96586.1
     155         90619.7
     176         117672
     200         178838
     230         177576
     264         207325
     300         216328
     345         195667
     396         215202
     455         225018
     523         246944
     600         253053
     690         251729
     793         246912
     912         269038
     1048        251120
     1200        287053
     1380        279021
     1587        275678
     1825        285910
     2100        290846
     2415        292699
     2777        292087
     3193        291733
     3672        309462
     4222        309807
     4855        315820
     5583        315617
     6420        319580
     7000        326344
   MTL [MFlop/s]:
     1           3.24831
     2           37.659
